0.86 0.86 9.89
0.82 0.75 9.77
0.75 0.82 9.77
0.75 0.75 9.57
0.86 0.71 9.41
1.14 0.75 9.34
1.22 0.86 9.34
1.73 1.06 8.94
2.08 0.82 8.87
2.59 0.43 8.98
3.14 -0.27 8.98
3.49 -0.82 9.14
3.92 -2.24 9.65
3.37 -2.98 10.24
2.63 -4.24 10.94
2.08 -5.92 12.16
1.18 -7.65 13.69
0.31 -8.79 15.02
-0.98 -7.30 14.79
-1.26 -5.49 14.32
-1.57 -3.73 13.77
-3.30 -2.47 14.32
-7.14 0.16 16.36
-10.71 3.06 20.04
-9.57 2.39 18.12
-6.83 1.96 16.08
-4.94 0.94 14.40
-3.41 -0.59 12.71
-2.71 -2.39 9.65
-3.06 -3.65 9.02
-5.96 -1.57 9.96
-4.90 -1.69 8.08
-1.10 -4.43 4.98
3.02 -10.32 1.41
6.00 -20.08 -11.14
2.86 -20.08 -20.08
-5.49 -20.08 -20.08
-14.75 -18.16 -20.08
-20.08 -1.65 -20.08
-20.08 20.04 -20.08
-18.67 20.04 -20.08
-16.16 20.04 -14.36
-15.42 20.04 -10.83
-16.04 9.14 -9.22
-16.51 -8.16 -6.79
-14.51 -15.46 -2.28
-10.51 -9.38 -1.73
-11.26 -3.53 -1.96
-12.00 1.65 -2.82
-12.47 6.63 -4.47
-13.69 10.12 -6.51
-15.10 11.10 -7.18
-14.59 10.04 -7.57
-13.96 8.59 -7.65
-13.06 7.30 -6.98
-12.43 6.00 -6.39
-11.14 4.90 -5.33
-10.94 5.06 -4.82
-10.47 5.26 -4.16
-10.16 5.88 -3.26
-9.69 6.28 -2.67
-9.10 6.32 -2.12
-7.85 5.84 -2.35
-7.26 5.77 -2.12
-6.79 5.61 -1.37
-6.20 5.65 -0.51
-5.30 5.92 0.27
-4.63 5.73 1.92
-4.24 4.94 2.28
-3.96 4.20 2.51
-3.96 3.41 3.02
-3.49 2.94 3.18
-2.67 2.86 4.59
-1.65 2.90 5.06
-2.04 3.30 5.57
-2.47 3.10 6.08
-2.67 2.47 6.24
-2.43 1.65 6.39
-2.00 0.51 7.30
-1.61 0.08 7.18
-0.90 -0.27 7.14
-0.63 -0.47 7.14
-0.59 -0.78 7.26
-1.06 -0.43 8.51
-1.61 -0.51 8.94
-1.33 -0.98 8.98
-0.75 -2.00 8.63
-0.08 -2.67 8.32
0.24 -3.26 7.81
0.20 -3.41 8.16
0.08 -3.53 8.24
0.31 -4.00 8.36
0.24 -4.16 8.47
0.04 -4.16 8.67
0.08 -5.06 8.94
0.12 -5.49 9.81
-0.04 -5.53 10.55
-0.35 -5.10 11.30
-0.67 -4.67 11.92