2.31 0.86 10.28
2.31 0.90 10.28
2.47 0.90 10.12
2.71 0.86 10.00
3.02 0.75 9.96
3.22 0.71 9.73
3.14 0.86 9.61
3.02 0.86 9.65
3.02 0.90 9.65
3.06 0.94 9.61
3.61 0.78 9.57
3.80 0.59 9.61
4.00 0.47 9.77
3.92 0.43 10.00
3.88 0.43 10.24
3.77 -0.39 11.45
2.67 -1.45 12.00
2.63 -2.00 12.28
2.90 -2.47 12.59
3.02 -3.53 12.87
3.53 -4.71 13.26
4.28 -6.83 13.89
4.20 -7.81 14.00
3.77 -9.26 14.08
3.18 -11.45 14.51
3.14 -14.32 14.67
3.57 -20.08 17.57
8.43 -20.08 17.65
9.96 -20.08 16.32
7.41 -20.08 13.85
1.41 -20.08 10.16
-5.73 -20.08 -3.26
-20.08 -20.08 -7.96
-20.08 -17.85 -16.20
-20.08 -18.44 -20.08
-20.08 -14.95 -20.08
-20.08 -2.00 -20.08
-20.08 20.04 -20.08
-20.08 20.04 -20.08
14.08 20.04 -20.08
20.04 20.04 -19.65
9.02 9.85 -10.79
-0.98 6.08 -2.94
-12.04 8.28 -1.29
-12.20 10.87 -0.59
-9.53 11.69 -1.80
-7.65 11.14 -1.49
-6.55 10.28 -0.82
-5.73 11.81 -1.29
-4.98 12.63 -1.88
-4.67 13.02 -2.43
-4.55 13.38 -2.63
-4.31 13.81 -2.75
-3.53 14.00 -2.79
-2.20 14.24 -3.02
-2.63 14.20 -2.79
-3.18 13.53 -2.35
-3.84 13.26 -1.77
-3.96 12.87 -0.63
-2.59 10.36 1.10
-1.92 9.57 1.69
-1.37 8.75 2.08
-1.14 7.96 2.35
-0.90 7.22 2.43
-0.39 6.79 3.33
0.55 5.88 4.08
1.33 5.18 4.59
1.80 4.55 5.18
1.84 4.08 5.53
1.26 4.00 6.08
0.24 4.08 6.86
0.27 4.04 7.14
1.02 3.84 7.10
1.77 3.33 7.18
2.04 3.06 7.14
2.24 2.98 7.41
1.45 2.90 7.61
1.10 2.79 8.00
1.26 2.24 8.04
1.69 1.65 8.08
1.61 1.26 7.81
1.29 1.10 7.77
1.69 0.27 7.81
2.31 -0.51 8.00
2.94 -1.02 8.36
2.71 -0.82 8.83
2.35 -0.31 9.49
1.96 -0.86 9.96
0.86 -1.14 10.67
0.20 -1.65 11.45
-0.08 -2.12 12.08
-0.20 -2.08 13.18
-1.37 -0.78 13.53
-1.37 -0.43 13.65
-1.14 -0.43 13.42
-0.75 -0.35 13.18
-0.51 -0.31 12.98
-0.59 -0.04 12.55
-0.16 0.08 12.28
0.00 0.47 12.00