0.67 3.26 9.85
0.75 3.30 9.81
0.86 3.30 9.77
0.82 3.10 9.73
0.78 3.10 9.77
0.82 3.33 9.69
0.90 3.49 9.65
1.02 3.45 9.81
0.75 2.71 10.20
0.67 2.63 10.24
1.02 2.63 10.24
1.65 2.51 10.28
2.35 2.31 10.47
2.86 2.08 10.71
3.33 1.02 11.45
3.37 0.35 12.28
3.10 -0.43 13.57
2.75 -1.22 14.51
3.18 -1.49 14.91
3.45 -1.53 15.49
4.28 -1.69 16.12
4.04 -1.57 17.30
2.90 -2.59 18.71
1.57 -5.14 20.04
-0.16 -8.43 20.04
-3.37 -11.06 20.04
-1.65 -11.30 20.04
1.77 -12.75 20.04
5.57 -15.06 18.16
8.12 -19.61 9.02
9.22 -20.08 -16.48
4.08 -20.08 -20.08
-10.90 -20.08 -20.08
-20.08 -20.08 -20.08
-20.08 -0.16 -20.08
-20.08 20.04 -20.08
-15.42 20.04 -20.08
-14.40 20.04 -18.71
-18.51 20.04 -15.42
-19.42 -2.82 -10.20
-15.38 -17.65 -6.43
-9.89 -15.53 -3.02
-7.37 -9.73 -2.55
-5.81 -7.92 -2.00
-6.32 -7.10 -1.26
-7.18 -5.18 -0.75
-8.51 1.77 -2.59
-11.14 4.08 -3.84
-12.36 5.33 -4.90
-12.47 5.45 -5.49
-12.36 5.69 -5.53
-11.92 5.65 -5.10
-10.28 6.16 -4.12
-9.53 6.32 -3.65
-8.28 6.04 -3.10
-6.90 5.26 -3.06
-6.67 5.22 -2.12
-6.98 5.37 -0.24
-6.04 5.14 0.55
-5.41 4.43 1.37
-4.67 3.02 1.80
-4.20 2.20 2.75
-3.53 2.04 4.98
-2.16 2.79 5.18
-0.75 2.63 5.10
0.08 2.16 5.18
0.51 1.77 5.84
-0.04 1.92 6.63
-1.29 2.63 8.51
-1.88 2.24 8.79
-1.26 1.02 8.51
-0.51 -0.12 8.59
-0.35 -0.67 9.38
-0.04 -0.86 10.94
0.00 -0.82 11.69
-0.31 -0.51 12.20
-0.75 -0.35 12.67
-1.37 -0.24 13.10