1.14 -1.65 13.42
1.29 -1.33 13.85
1.73 -1.92 14.40
2.08 -2.00 14.59
2.24 -1.77 14.55
2.31 -1.41 14.28
2.35 -1.10 14.04
2.67 -0.98 13.14
4.35 -0.71 12.55
5.10 -0.90 12.08
5.10 0.00 11.61
4.75 0.75 11.34
4.67 0.59 11.02
4.79 0.00 9.85
5.37 -0.27 9.41
6.08 -0.27 8.75
6.47 0.71 7.96
5.77 2.43 7.53
4.75 3.02 6.83
3.10 2.90 6.43
2.47 2.90 6.00
1.96 2.79 5.81
1.29 2.59 5.49
0.43 3.33 5.14
-0.20 4.24 4.08
-0.67 4.55 3.45
-1.02 4.67 2.75
-1.37 4.47 2.28
-1.29 3.96 1.53
-1.26 3.77 -0.12
-2.47 4.08 -0.78
-3.26 4.31 -1.57
-3.80 4.43 -2.31
-4.04 4.43 -2.94
-4.16 4.24 -3.80
-5.65 3.53 -4.79
-6.63 3.06 -4.98
-8.36 2.82 -5.06
-10.51 2.39 -5.06
-12.24 2.20 -4.39
-13.81 2.12 -4.39
-17.06 1.96 -4.24
-18.91 1.33 -4.43
-20.08 1.14 -4.28
-20.08 1.37 -4.20
-20.08 1.61 -4.04
-20.08 2.28 -3.30
-20.08 1.80 -2.90
-20.08 1.22 -2.86
-20.08 0.47 -2.94
-19.50 -0.20 -3.10
-17.93 -0.20 -2.90
-15.22 0.27 -2.82
-14.20 0.51 -2.43
-13.14 0.55 -2.16
-12.40 0.67 -1.84
-12.12 0.75 -1.45
-11.92 1.65 -1.10
-11.61 2.00 -1.02
-11.30 2.47 -0.98
-11.22 2.82 -0.78
-10.87 2.90 -0.75
-10.79 3.02 -0.47
-10.59 3.10 -0.39
-10.83 3.37 -0.12
-10.98 3.33 0.12
-10.59 3.26 0.20
-10.04 3.26 0.43
-8.79 2.82 0.55
-8.43 2.59 0.86
-8.28 2.35 1.14
-8.32 2.43 1.45
-8.00 2.51 1.77
-7.49 2.43 1.96
-6.00 2.47 2.31
-5.26 2.47 2.59
-4.79 2.47 2.90
-4.47 2.35 3.26
-4.63 2.16 3.92
-4.94 1.92 4.16
-4.75 1.96 4.51
-4.20 2.08 4.90
-3.61 2.31 5.14
-3.10 2.47 5.45
-2.75 2.24 5.57
-2.43 2.04 5.61
-2.39 1.88 5.53
-2.24 1.96 5.61
-1.73 2.20 5.73
-1.02 2.12 5.45
0.55 1.88 5.41
1.10 1.57 5.41
1.53 1.18 5.37
1.77 0.94 5.57
2.08 0.39 5.69
2.35 -0.04 6.32
3.30 -0.20 7.10
4.12 -0.31 7.77
5.02 -0.12 8.47
5.53 -0.24 9.30