-0.75 -0.08 10.16
-0.94 -1.69 10.43
-0.98 -2.63 10.63
-1.18 -3.33 10.98
-1.10 -4.00 11.18
-0.86 -4.35 11.41
0.47 -4.04 11.65
1.69 -3.37 12.04
2.86 -2.75 12.63
3.73 -2.24 12.98
4.35 -1.33 13.18
4.82 -0.47 13.49
6.04 -0.43 13.34
7.41 -0.24 12.98
9.38 0.67 12.36
10.75 1.80 11.61
11.85 2.63 9.61
10.59 4.12 8.63
8.63 4.82 7.81
7.34 4.98 6.90
6.67 5.49 5.65
6.20 6.08 4.35
5.73 6.47 1.45
2.63 7.02 0.12
0.59 7.10 -1.06
-1.10 6.98 -2.16
-2.39 6.75 -2.90
-3.26 6.39 -4.43
-4.43 5.02 -5.45
-5.02 4.35 -6.12
-5.33 3.77 -6.86
-5.92 3.30 -7.65
-6.71 2.59 -7.85
-7.37 1.45 -8.71
-9.30 1.26 -8.83
-10.08 0.98 -8.98
-11.41 0.55 -9.02
-12.87 -0.08 -9.10
-14.95 -0.78 -8.90
-20.08 -1.73 -8.83
-20.08 -2.20 -8.83
-20.08 -3.02 -8.67
-20.08 -3.57 -8.75
-20.08 -3.80 -8.24
-20.08 -4.31 -7.34
-20.08 -4.43 -6.71
-20.08 -4.12 -6.28
-19.42 -3.77 -6.08
-16.75 -3.41 -6.00
-14.59 -2.82 -5.69
-12.43 -1.84 -5.37
-12.16 -1.37 -5.06
-11.92 -0.90 -4.75
-11.73 -0.24 -4.47
-11.45 0.12 -4.12
-10.79 0.98 -3.41
-10.08 1.26 -3.30
-9.57 1.33 -3.10
-9.49 1.65 -2.59
-9.38 1.69 -2.00
-9.22 1.61 -0.98
-8.63 1.69 -0.47
-8.20 2.00 0.04
-7.61 2.00 0.47
-6.79 2.04 0.78
-5.88 1.88 1.06
-4.94 1.65 1.96
-5.14 1.49 2.59
-5.26 1.49 3.30
-5.41 1.84 3.80
-5.26 2.08 4.31
-4.82 1.96 4.75
-4.31 1.73 4.63
-4.00 1.33 4.59
-4.00 1.33 4.75
-4.00 1.41 4.98
-3.92 1.73 5.26
-3.80 2.16 5.45
-3.57 2.08 5.37
-2.90 1.53 5.02
-2.47 1.33 4.28
-1.45 1.10 4.51
-0.24 0.39 4.94