0.39 1.84 10.20
0.43 1.88 10.24
0.51 1.84 10.20
0.55 1.84 10.20
0.51 1.80 10.20
0.63 1.77 10.08
0.67 1.77 10.08
0.67 1.73 9.96
0.75 1.73 9.81
0.82 1.61 9.73
0.90 1.45 9.73
1.14 1.37 9.77
1.57 1.18 9.61
1.92 0.98 9.77
2.24 0.27 9.85
2.59 -0.24 10.16
2.75 -0.78 10.51
3.10 -0.82 11.49
3.69 -1.92 14.00
3.65 -2.98 14.95
3.53 -4.55 15.46
3.37 -6.28 15.73
3.06 -7.77 16.08
2.59 -8.67 16.71
-0.71 -10.12 18.24
-1.53 -10.24 19.46
-1.14 -10.32 20.04
0.16 -9.10 20.04
2.98 -8.12 18.40
5.26 -9.57 13.77
8.00 -10.94 11.30
7.18 -10.79 9.77
9.38 -11.89 6.12
13.14 -13.10 -0.67
14.55 -15.42 -16.99
5.06 -20.08 -20.08
-1.10 -20.08 -20.08
-17.85 -19.97 -20.08
-20.08 -10.98 -20.08
-20.08 5.10 -20.08
-20.08 20.04 -17.97
-20.08 20.04 -10.43
-20.08 20.04 -7.96
-20.08 16.99 -9.49
-20.08 -0.82 -8.98
-17.38 -10.24 -7.88
-12.24 -7.85 -6.86
-11.41 -5.30 -6.16
-10.51 -5.88 -5.53
-10.08 -6.63 -4.55
-9.41 -6.32 -3.73
-9.53 -2.24 -1.88
-11.53 -0.67 -1.45
-12.08 0.08 -1.61
-12.51 0.63 -2.08
-12.59 1.22 -2.16
-12.04 1.57 -1.69
-9.85 1.69 -0.98
-8.83 1.61 -0.24
-7.92 1.41 0.43
-7.22 1.33 0.82
-6.63 1.57 1.14
-5.22 2.31 2.20
-5.10 2.67 2.98
-4.98 2.71 3.49
-4.55 2.59 3.92
-3.80 2.16 4.31
-3.18 1.53 4.86
-2.39 0.86 5.37
-2.35 0.86 5.84
-2.63 1.29 6.08
-2.63 1.45 6.24
-2.04 0.90 6.32
-0.78 0.24 6.71
-0.20 -0.20 7.10
0.00 -0.63 7.53
0.12 -1.14 7.65
0.20 -1.41 7.81
0.04 -1.33 8.00
-0.20 -1.45 8.08
0.63 -2.12 8.24
1.65 -2.63 8.59
2.00 -3.10 8.98
2.08 -3.33 9.61
1.26 -3.45 11.22
1.10 -3.57 12.12
1.10 -3.80 12.28
1.29 -3.84 12.59
1.14 -3.77 12.63
0.94 -3.84 13.85