0.43 0.86 10.00
0.51 0.75 10.04
0.47 0.90 10.12
0.43 0.94 10.32
0.39 0.94 10.55
0.24 1.06 10.75
0.31 0.86 10.83
0.31 0.75 10.94
0.51 0.59 11.18
0.82 0.47 11.41
1.65 0.43 11.85
2.16 0.43 12.04
2.55 0.51 12.04
2.90 0.67 12.00
3.26 0.71 11.92
3.77 0.71 11.61
5.61 0.47 11.10
6.75 0.35 10.55
7.88 0.35 10.20
8.63 0.43 9.85
9.34 0.55 9.41
10.75 0.67 7.61
11.18 0.86 6.39
11.18 1.06 5.10
10.90 1.26 3.61
10.55 1.33 1.92
10.04 2.12 -1.92
7.22 2.75 -3.57
4.94 3.37 -5.14
2.86 3.92 -6.59
1.26 4.43 -8.08
-0.31 4.86 -9.45
-4.00 5.88 -11.41
-5.84 6.20 -12.16
-8.16 6.90 -12.47
-11.18 7.26 -12.40
-15.10 7.10 -11.85
-18.79 6.28 -8.71
-20.08 5.57 -7.22
-20.08 4.94 -5.69
-20.08 4.31 -4.35
-20.08 3.61 -3.61
-20.08 3.33 -2.12
-20.08 2.43 -1.61
-20.08 2.12 -1.37
-20.08 1.77 -1.14
-20.08 1.22 -1.41
-20.08 0.78 -1.80
-20.08 0.82 -2.59
-17.38 0.86 -2.82
-16.12 1.18 -2.86
-15.18 1.45 -2.75
-14.36 1.84 -2.79
-13.77 2.24 -2.47
-12.83 2.67 -2.39
-12.71 3.10 -2.28
-12.63 3.26 -2.04
-12.59 3.49 -1.69
-12.24 3.53 -1.41
-10.75 3.57 -0.94
-9.89 3.49 -0.75
-9.06 3.37 -0.39
-8.43 3.14 -0.20
-7.61 3.02 0.12
-7.02 3.18 0.94
-5.92 3.10 1.37
-5.30 3.22 1.77
-4.67 3.22 2.12
-3.80 3.18 2.28
-3.02 3.10 2.55
-2.12 3.30 3.37
-1.84 2.98 3.96
-1.65 2.82 4.35
-1.33 2.63 4.71
-1.06 2.43 4.90
-0.75 2.04 5.37
-0.16 1.77 5.45
0.90 1.33 5.41
2.12 0.94 5.57
2.79 0.86 5.81
3.02 0.67 6.00
3.14 0.24 7.06
3.69 0.20 7.61
4.47 0.04 8.08