1.84 -0.71 10.32
1.84 -0.75 10.40
1.96 -0.98 10.40
2.00 -1.26 10.59
1.69 -2.00 10.75
1.37 -2.43 11.14
0.90 -2.63 11.53
0.35 -2.71 12.12
0.12 -3.06 12.59
0.63 -3.26 13.06
1.41 -3.84 13.02
2.16 -3.69 12.87
2.79 -3.45 13.06
3.61 -3.33 13.10
4.63 -2.63 13.06
6.67 -2.55 13.14
8.00 -2.31 12.75
10.08 -1.96 12.04
12.40 -0.75 10.71
14.63 1.57 9.06
20.04 2.28 5.06
20.04 2.16 2.79
20.04 2.08 0.35
20.04 3.92 -2.98
20.04 7.96 -6.16
20.04 14.16 -11.65
17.73 15.93 -14.87
15.26 16.24 -18.55
11.18 15.89 -20.08
6.43 14.55 -20.08
1.22 12.32 -20.08
-8.51 7.85 -20.08
-14.28 4.47 -20.08
-20.08 -1.06 -20.08
-20.08 -6.00 -20.08
-20.08 -9.45 -18.40
-20.08 -12.75 -9.49
-20.08 -14.75 -6.43
-20.08 -16.00 -3.57
-20.08 -16.04 -1.65
-20.08 -14.20 -1.10
-20.08 -11.14 -2.39
-20.08 -5.45 -3.33
-20.08 -3.84 -4.59
-20.08 -2.55 -6.12
-17.02 -1.33 -7.34
-14.12 0.24 -7.85
-12.47 2.90 -7.26
-12.04 3.37 -6.79
-11.69 3.33 -5.81
-11.57 3.18 -5.06
-11.38 2.94 -4.08
-10.87 2.43 -3.10
-8.75 1.49 -2.75
-6.67 1.06 -2.63
-4.79 1.26 -2.47
-3.53 1.77 -1.53
-2.71 2.08 -0.63
-1.65 2.55 0.90
-1.02 2.51 1.45
-0.16 2.51 1.96
1.22 2.28 2.39
3.06 2.20 2.43
3.96 2.20 3.26
4.28 2.16 3.61
3.57 2.20 4.20
3.41 2.00 4.86
3.73 1.65 5.30
3.96 1.41 6.39
4.35 0.12 6.75
4.71 -0.24 7.18
4.35 0.00 7.49
3.77 -0.27 8.20
3.77 -0.35 9.10