1.10 1.26 10.08
1.14 1.18 10.12
1.14 1.14 10.16
1.06 0.90 10.08
1.02 0.51 10.08
1.06 0.67 9.92
1.33 0.55 9.69
1.77 0.24 9.53
2.08 -0.31 9.34
2.24 -1.29 8.71
2.20 -1.92 8.36
1.77 -2.12 8.00
1.29 -1.88 7.49
0.75 -0.55 7.30
0.00 1.14 7.34
-1.41 2.86 9.65
-1.41 1.57 10.87
-1.18 0.16 11.81
-0.31 -1.22 12.71
0.98 -1.45 13.57
1.96 -0.59 16.32
0.12 -0.04 18.48
-1.41 -0.71 20.04
-2.08 -2.04 20.04
-2.12 -3.65 20.04
-2.16 -5.18 20.04
-1.57 -7.18 20.04
-1.02 -7.96 19.18
-0.71 -8.79 17.50
-1.29 -10.28 15.69
-1.84 -11.65 12.71
-1.77 -16.87 -2.55
2.39 -20.08 -14.91
0.24 -20.08 -20.08
-10.55 -20.08 -20.08
-20.08 -20.08 -20.08
-20.08 -7.65 -20.08
-20.08 20.04 -20.08
-20.08 20.04 -19.61
-18.63 20.04 -12.75
-16.00 20.04 -8.51
-15.77 8.00 -8.51
-8.32 -20.08 -1.88
-4.59 -20.08 0.86
-3.22 -20.08 1.77
-4.59 -15.57 2.00
-7.06 -8.94 1.37
-9.14 -1.92 -1.37
-13.22 6.04 -2.28
-14.87 6.20 -3.06
-15.53 5.77 -3.41
-15.30 5.18 -3.73
-14.55 4.59 -3.65
-13.49 3.18 -3.14
-12.94 3.02 -2.90
-12.40 3.18 -2.90
-12.12 3.53 -3.10
-11.92 3.80 -3.22
-11.57 4.43 -2.16
-10.28 4.86 -1.49
-9.45 5.33 -1.14
-8.67 5.41 -0.94
-8.36 5.06 -0.90
-8.79 4.79 -0.55
-8.75 3.96 1.10
-7.57 3.45 2.20
-6.59 3.65 2.71
-5.45 3.92 3.14
-4.86 3.92 3.41
-4.59 3.37 4.24
-3.49 3.77 4.90
-2.67 3.92 5.41
-1.84 3.57 5.49
-1.29 2.90 5.73
-1.26 2.31 6.55
-1.73 1.69 7.26
-1.96 2.08 7.69
-1.96 2.75 8.20
-1.26 2.71 8.51
-0.67 2.47 8.75
-0.16 1.10 8.83
-0.24 0.63 9.14
-0.63 0.08 9.57
-0.98 -0.35 9.89
-1.10 -0.63 10.08
-1.06 -0.59 10.79
-0.43 -0.51 11.02
-0.27 -0.71 11.26
-0.63 -0.90 11.65
-1.29 -1.02 11.96
-2.04 -1.06 12.28