2.98 0.39 10.04
3.02 0.27 9.92
3.06 0.31 9.89
3.02 0.31 9.89
3.10 0.31 9.85
2.86 0.55 9.81
2.79 0.55 9.81
2.67 0.55 9.77
2.59 0.43 9.77
2.35 -0.08 9.49
1.88 0.00 9.38
2.16 0.08 9.26
2.43 -0.04 9.18
2.59 -0.12 9.49
2.71 -0.24 9.85
2.51 -1.92 10.43
2.47 -2.75 10.87
2.39 -4.51 11.57
2.47 -5.69 12.24
2.86 -6.59 12.71
3.37 -8.00 13.73
4.31 -8.71 13.85
4.20 -9.53 14.16
3.33 -10.32 14.79
2.98 -10.98 15.42
3.33 -11.14 15.14
4.82 -8.24 13.96
5.22 -5.84 13.45
4.63 -3.73 13.38
2.82 -2.71 13.69
0.78 -0.71 13.18
-1.73 -1.14 11.30
-4.28 -3.18 9.02
-3.18 -5.41 5.37
-1.29 -7.34 1.65
0.12 -11.61 -4.16
-0.94 -18.63 -20.08
-18.67 -20.01 -20.08
-20.08 -11.92 -20.08
-20.08 5.49 -20.08
-20.08 20.04 -20.08
-20.08 20.04 -20.08
-10.67 20.04 -16.32
-8.32 19.50 -11.22
-14.79 5.92 -6.35
-16.08 -3.84 -2.31
-13.22 -9.18 0.16
-10.83 -9.61 -0.08
-10.04 -0.39 -1.41
-10.59 4.39 -3.14
-11.06 6.98 -4.82
-11.73 8.08 -6.12
-12.28 8.24 -6.59
-11.77 6.20 -6.28
-11.57 5.26 -5.53
-11.41 4.86 -4.71
-11.30 4.79 -4.12
-11.41 4.79 -3.53
-11.38 4.94 -1.77
-9.34 5.02 -1.37
-8.04 5.73 -0.71
-7.10 6.20 -0.20
-6.16 6.35 0.04
-5.84 7.18 0.71
-5.57 7.81 2.86
-5.30 7.57 3.65
-5.26 7.45 4.08
-4.75 6.35 3.96
-4.47 5.81 3.96
-3.84 5.06 5.65
-3.77 5.88 6.28
-3.69 6.24 6.55
-3.65 6.08 6.32
-3.57 5.73 6.32
-3.33 4.59 6.63
-2.39 2.08 7.14
-1.26 1.14 7.49
-0.63 0.94 7.88
0.12 0.86 8.24
0.75 0.24 8.08
0.71 0.04 8.08
0.75 -0.63 8.36
0.78 -1.37 8.47
1.41 -1.92 8.75
2.39 -2.55 9.10
3.02 -3.30 9.73
2.94 -4.59 9.96
2.12 -4.90 10.40