0.24 0.24 9.34
0.63 0.16 9.41
0.63 0.24 9.69
0.55 0.43 9.92
0.67 0.59 10.28
0.86 0.78 10.83
1.06 1.22 11.22
1.26 1.29 11.61
1.69 1.29 11.85
2.16 1.37 12.04
2.51 1.61 12.20
2.98 1.92 12.36
3.33 2.04 12.20
3.69 2.12 12.08
4.04 2.04 11.81
4.43 1.84 11.41
5.06 1.69 10.71
6.51 1.29 10.47
7.41 1.18 10.00
8.24 0.98 9.53
8.90 0.59 8.87
9.22 0.39 8.20
9.49 0.20 7.02
9.85 0.35 6.12
10.00 0.55 5.06
10.40 0.67 3.84
10.67 0.67 2.28
10.08 1.10 -0.86
7.22 1.53 -2.39
5.57 2.28 -3.88
3.73 2.90 -5.53
2.00 3.49 -7.26
0.16 3.84 -8.67
-3.84 4.47 -10.71
-6.94 5.18 -10.79
-10.59 5.41 -10.79
-14.12 5.96 -9.92
-17.53 5.73 -9.34
-20.08 5.06 -6.04
-20.08 4.86 -4.35
-20.08 4.43 -2.82
-20.08 4.08 -1.45
-20.08 3.77 -0.35
-20.08 3.45 0.78
-20.08 3.06 0.98
-20.08 2.75 1.06
-20.08 2.55 0.86
-20.08 2.31 0.59
-20.08 2.28 0.35
-20.08 2.20 -0.27
-18.71 2.00 -0.59
-17.22 2.00 -0.82
-16.16 2.20 -0.94
-15.30 2.39 -0.98
-14.75 2.59 -0.98
-14.12 3.02 -1.02
-13.73 3.18 -0.86
-13.34 3.33 -0.71
-12.83 3.45 -0.51
-12.40 3.49 -0.20
-10.79 3.22 0.08
-9.77 3.26 0.24
-8.67 3.33 0.55
-7.85 3.49 0.75
-7.06 3.73 1.14
-6.55 3.88 1.84
-5.37 3.65 2.16
-4.43 3.57 2.43
-3.53 3.49 2.71
-2.67 3.41 3.14
-1.92 3.30 3.57
-0.82 2.86 4.39
-0.59 2.63 4.82
-0.51 2.51 5.18
-0.51 2.47 5.49
-0.39 2.31 5.96
-0.27 1.84 6.47
0.47 1.61 6.47
0.90 1.41 6.55
1.22 1.10 6.51
1.26 0.86 6.67
1.26 0.59 6.71
2.43 0.04 6.71
3.45 -0.20 6.47
4.79 -0.51 6.35
6.67 -0.90 6.12
8.32 -1.22 6.00
9.26 -1.41 6.86
8.71 -1.53 7.45
8.51 -1.45 7.96