-0.67 -1.18 10.12
-0.35 -1.06 10.16
-0.12 -0.90 10.20
0.00 -0.94 10.32
-0.04 -1.33 11.06
0.12 -2.51 11.61
0.12 -2.24 12.08
0.47 -1.22 12.51
1.49 0.00 12.79
3.02 0.82 12.87
4.86 1.88 12.40
9.41 1.49 11.92
10.94 0.39 11.53
10.79 -0.12 11.10
9.18 0.27 10.94
7.02 2.04 10.47
5.18 4.31 9.92
5.02 5.06 8.98
4.82 5.45 7.69
4.31 5.53 6.39
3.26 5.73 5.26
1.57 7.45 3.61
-1.41 8.90 2.55
-1.92 9.85 1.65
-2.20 10.16 0.47
-1.61 9.92 -0.47
-1.14 9.81 -3.10
-1.29 8.90 -4.51
-1.73 8.24 -5.92
-3.57 7.18 -7.18
-5.69 5.57 -7.57
-7.65 3.45 -8.24
-11.45 -1.61 -9.41
-14.79 -4.24 -9.57
-18.63 -7.02 -9.22
-20.08 -9.22 -8.39
-20.08 -10.67 -7.41
-20.08 -12.00 -5.69
-20.08 -12.87 -5.26
-20.08 -12.87 -5.18
-20.08 -12.28 -5.06
-20.08 -11.61 -4.94
-20.08 -10.79 -4.79
-16.28 -8.55 -4.71
-14.16 -7.49 -4.75
-12.51 -6.35 -4.47
-11.69 -5.14 -4.16
-11.18 -3.96 -3.80
-11.02 -1.49 -2.98
-11.38 -0.39 -2.31
-11.22 0.27 -1.88
-10.08 0.78 -1.61
-8.75 1.37 -1.41
-8.20 1.80 -0.71
-8.24 2.31 0.71
-8.08 2.82 1.33
-7.81 3.14 1.80
-7.34 3.37 2.20
-6.51 3.65 2.75
-5.65 3.77 3.57
-3.18 3.41 3.77
-3.18 3.22 4.43
-3.57 2.79 5.10
-3.61 2.35 5.41
-3.33 2.16 6.00
-3.18 1.84 6.51
-3.18 1.69 6.63
-2.94 1.41 6.63
-2.31 1.10 6.28
-1.45 0.82 6.20
-0.59 0.78 6.35
0.47 0.67 6.55
0.43 0.59 6.71
0.16 0.31 6.86
0.00 -0.20 6.98
0.24 -0.71 7.53
3.57 -0.75 7.57
5.33 -0.12 8.08
7.14 0.12 8.28
7.88 0.24 8.63
7.57 0.20 9.38
7.02 0.20 11.18
6.35 0.12 11.81
6.12 0.16 12.47
6.12 0.12 12.79
5.96 0.00 12.83
5.61 0.00 12.71