2.12 -1.61 9.85
1.92 -1.73 9.92
1.53 -1.73 10.00
1.37 -1.65 10.16
1.49 -1.57 10.24
1.61 -1.49 10.28
1.57 -1.18 10.40
1.77 -1.26 10.32
2.04 -1.22 10.28
2.20 -1.10 10.28
2.43 -1.10 10.36
2.55 -1.06 10.79
2.71 -1.41 10.98
2.94 -1.96 11.18
3.18 -2.47 11.30
3.53 -2.94 11.38
3.92 -3.14 11.22
4.59 -3.49 11.18
4.94 -3.61 11.10
5.41 -3.69 10.83
6.24 -3.57 10.51
7.61 -3.41 10.12
9.53 -2.71 8.20
14.71 -2.31 6.51
18.01 -2.16 4.28
20.04 -2.31 2.12
19.57 -2.24 0.43
17.93 -1.29 -2.63
14.51 2.39 -4.47
12.59 4.67 -6.86
10.24 6.75 -9.10
7.34 6.98 -11.38
3.84 7.10 -13.10
-4.31 7.81 -14.59
-8.63 7.85 -14.67
-12.71 7.73 -14.36
-17.42 7.10 -13.14
-20.08 5.81 -11.69
-20.08 4.75 -7.77
-20.08 3.65 -5.84
-20.08 3.45 -4.16
-20.08 3.22 -2.51
-20.08 2.71 -1.49
-20.08 2.47 -0.55
-20.08 2.16 0.20
-20.08 2.04 -0.04
-20.08 2.16 -0.20
-20.08 1.96 -0.63
-20.08 1.84 -0.90
-19.61 1.92 -1.61
-15.38 1.96 -1.69
-14.04 2.16 -1.77
-13.06 2.28 -1.73
-12.75 2.39 -1.49
-12.67 2.55 -1.33
-12.51 2.86 -0.86
-12.00 3.30 -0.59
-11.26 3.53 -0.27
-10.32 3.69 -0.04
-9.38 3.84 0.12
-8.43 3.84 0.86
-7.81 3.80 1.33
-7.18 3.96 1.65
-6.35 4.00 2.04
-5.33 3.88 2.16
-4.16 3.80 2.24
-3.41 3.61 3.10
-3.30 3.53 3.61
-2.90 3.49 3.88
-2.47 3.45 4.16
-1.69 3.37 4.31
-0.78 3.41 4.82
-0.39 3.33 5.18
-0.47 3.18 5.41
-0.63 3.18 5.65
-0.67 2.98 5.81
-0.43 2.67 6.04
0.90 2.16 6.20
1.37 2.00 6.47
1.69 1.61 6.63
2.20 1.02 6.83
2.79 0.39 6.71
3.14 -0.12 7.77
3.73 -0.75 8.39
4.28 -1.06 8.87
4.90 -1.33 9.53
5.22 -1.53 10.08
5.30 -1.57 11.26
4.63 -1.14 11.92
4.04 -0.75 12.55