-0.12 1.96 10.00
0.00 1.88 9.89
0.08 1.77 9.81
0.08 1.61 9.85
0.08 1.65 9.77
0.00 1.49 9.77
-0.04 1.45 9.69
0.00 1.18 9.57
0.24 0.59 9.45
0.75 -0.31 9.53
1.26 -1.92 9.92
1.37 -3.65 11.34
1.29 -4.00 13.06
2.35 -2.86 14.36
3.92 -1.84 15.02
4.82 -1.10 15.42
3.80 -1.88 15.49
2.63 -3.10 16.36
1.88 -4.94 17.14
0.55 -6.24 17.89
-1.29 -6.67 19.26
-1.49 -4.28 20.04
-0.94 -3.45 20.04
-0.08 -4.55 18.71
1.69 -8.39 17.57
4.04 -13.77 14.83
7.81 -17.81 12.63
8.83 -19.57 9.77
10.79 -20.08 1.92
14.16 -20.08 -13.93
10.87 -20.08 -20.08
-1.77 -20.08 -20.08
-20.08 -0.31 -20.08
-20.08 20.04 -20.08
-20.08 20.04 -20.08
-20.08 20.04 -15.02
-20.08 20.04 -11.14
-20.08 20.04 -10.98
-7.81 -20.08 -7.73
-2.43 -20.08 -3.02
1.77 -20.08 -0.67
1.18 -12.94 0.04
-4.04 -7.77 -0.24
-12.36 2.43 -3.92
-15.14 4.82 -5.61
-17.06 5.49 -7.02
-17.57 5.69 -7.92
-16.75 5.02 -8.79
-15.53 1.61 -8.75
-12.91 1.02 -7.85
-12.51 1.49 -6.59
-11.92 1.65 -5.84
-11.65 2.00 -5.41
-11.14 2.16 -5.37
-8.94 2.12 -4.39
-8.28 2.35 -3.61
-7.57 2.67 -2.90
-6.86 2.55 -2.51
-6.67 2.24 -1.80
-6.83 1.88 0.47
-6.59 1.84 1.53
-5.73 1.65 2.47
-4.82 1.73 2.98
-4.20 2.00 3.14
-3.77 1.92 3.80
-3.18 0.94 4.55
-3.57 0.90 5.88
-3.26 1.10 7.18
-3.45 1.49 8.12
-3.06 1.10 8.63
-2.20 -0.59 8.47
-0.47 -1.41 8.98
0.43 -2.31 9.77
0.71 -2.79 10.87
-0.08 -2.86 11.89
-1.06 -2.79 12.94
