2.90 0.00 10.12
2.98 -0.16 10.24
3.06 -0.27 10.24
3.33 -0.27 10.59
3.57 -0.35 10.87
3.61 -0.35 10.90
3.77 -0.47 10.94
3.88 -0.71 10.90
4.12 -0.78 10.83
4.94 -1.14 10.87
5.77 -1.49 10.90
6.63 -2.20 10.94
7.53 -3.02 10.75
7.69 -4.47 9.61
11.65 -6.86 5.88
15.57 -7.22 5.37
18.44 -6.79 4.04
19.53 -6.04 2.79
18.51 -4.24 1.33
17.38 -2.90 -1.10
16.55 -1.49 -3.33
15.93 -0.12 -5.61
16.04 1.14 -8.75
14.95 4.43 -12.40
12.98 6.75 -15.34
3.92 10.16 -20.08
-1.57 11.45 -20.08
-6.43 11.69 -20.08
-13.96 11.92 -20.08
-20.08 9.85 -18.01
-20.08 7.65 -10.32
-20.08 5.96 -7.30
-20.08 3.77 -5.14
-20.08 1.06 -3.41
-20.08 -1.18 -1.73
-20.08 -2.51 0.51
-20.08 -2.59 0.82
-20.08 -1.88 0.82
-20.08 -1.61 0.47
-20.08 -1.57 -0.27
-20.08 -1.22 -1.37
-19.38 0.24 -3.06
-13.93 1.37 -3.30
-12.71 2.39 -3.10
-12.08 3.18 -2.98
-11.77 3.61 -2.51
-11.65 4.12 -1.45
-11.10 4.63 -0.98
-10.24 4.39 -0.63
-9.06 3.92 -0.27
-6.98 3.18 -0.35
-6.28 3.26 0.39
-7.02 3.30 2.35
-6.83 3.26 2.71
-6.28 3.14 3.18
-5.65 3.10 3.49
-4.94 2.98 3.57
-3.80 2.71 3.41
-1.49 2.63 3.53
-1.33 2.55 3.88
-1.29 2.55 4.47
-1.22 2.67 4.82
-0.94 2.75 4.90
0.08 2.55 5.18
1.26 2.24 5.10
2.71 1.84 4.63
3.84 1.41 4.75
4.04 0.75 5.10
4.20 0.51 6.35
5.26 -0.12 6.67
5.84 -0.39 7.02
6.67 -0.90 7.53
