1.37 0.24 9.73
1.26 0.43 9.69
1.29 0.39 9.57
1.73 0.16 9.49
2.28 0.04 9.22
2.63 0.20 9.65
2.31 0.31 9.96
2.08 0.59 10.08
1.88 0.90 10.43
1.77 1.06 10.98
2.00 0.94 11.45
2.24 0.55 12.16
2.47 0.35 12.40
2.59 0.16 12.59
2.35 0.04 12.91
2.39 -0.51 13.14
2.59 -2.28 14.20
2.86 -3.45 14.36
2.90 -5.49 14.36
2.63 -7.26 14.40
2.43 -9.53 13.69
2.31 -11.92 12.98
1.92 -14.83 11.77
1.88 -16.28 11.06
1.14 -18.44 10.63
0.27 -20.08 10.28
-0.39 -20.08 9.45
-1.65 -20.08 7.10
-3.14 -20.08 4.82
-3.22 -20.08 1.29
-3.37 -20.08 -2.24
-4.86 -20.08 -5.73
-5.30 -19.97 -9.65
-9.65 -13.93 -20.08
-13.42 -10.51 -20.08
-14.87 -3.69 -20.08
-13.93 11.57 -20.08
-16.48 20.04 -20.08
-20.08 20.04 -20.08
3.18 20.04 -20.08
17.06 20.04 -20.08
17.18 20.04 -15.14
10.00 20.04 -10.98
4.90 20.04 -7.22
-2.00 20.04 -5.81
-3.26 18.32 -4.35
-3.41 16.71 -3.77
-2.39 14.98 -3.02
-1.10 13.45 -2.55
-0.04 13.02 -3.45
1.41 13.65 -4.16
1.41 14.00 -4.67
1.37 13.61 -4.67
1.14 13.45 -4.16
1.02 13.34 -2.67
0.39 12.83 -2.28
0.16 12.51 -1.80
0.08 11.49 -1.10
0.04 10.59 -0.27
0.00 9.73 0.39
0.12 8.12 1.61
0.24 7.57 2.00
0.67 7.02 2.24
1.33 6.16 2.39
1.45 5.49 2.90
0.98 5.45 3.77
1.45 4.12 4.12
1.49 3.92 4.20
1.61 4.00 4.63
1.77 3.57 4.90
1.61 2.98 5.26
0.71 2.86 6.12
1.14 2.16 6.32
1.41 1.77 6.75
1.33 1.80 7.06
1.41 1.53 7.49
1.45 0.31 7.53
1.53 -0.24 7.49
1.37 -0.63 7.69
1.22 -0.86 7.88
1.33 -1.06 8.24
1.77 -1.73 8.36
1.84 -3.61 8.67
1.53 -4.82 8.83
1.65 -6.24 8.98
1.61 -7.61 9.22
1.57 -8.67 9.61
1.65 -9.69 10.87
1.06 -9.73 11.41
0.55 -9.38 11.77
-0.08 -8.71 12.28
-0.90 -7.96 12.43
-1.22 -7.57 12.51
-0.71 -6.20 12.32
