1.06 0.51 9.92
0.90 0.51 10.00
0.86 0.39 9.89
0.78 0.35 10.04
0.94 0.35 10.12
1.14 0.12 10.12
1.06 0.04 10.32
0.98 -0.12 10.43
0.75 -0.27 10.63
0.63 -0.35 10.94
0.63 -0.67 11.77
0.78 -0.63 12.20
1.06 -0.55 12.55
1.37 -0.16 12.91
1.57 -0.08 13.45
1.88 0.47 13.89
2.71 0.71 13.96
3.49 1.14 13.73
4.51 1.88 13.30
5.88 2.43 12.67
7.18 2.98 11.85
10.55 3.41 10.16
12.67 3.22 8.71
13.85 3.22 7.65
13.96 3.33 6.79
13.61 4.43 5.69
13.53 6.35 3.02
14.08 6.71 1.37
14.12 6.59 -0.55
13.61 6.32 -2.39
12.12 6.16 -4.24
9.85 6.16 -7.18
4.51 5.96 -8.51
2.24 5.37 -10.08
0.00 4.47 -11.26
-2.86 2.86 -11.77
-5.92 1.73 -11.81
-8.51 0.39 -11.38
-11.85 0.04 -11.53
-15.14 -0.86 -11.45
-18.83 -1.65 -10.51
-20.08 -1.18 -8.83
-20.08 -0.08 -5.73
-20.08 2.08 -4.55
-20.08 2.63 -3.73
-20.08 3.49 -2.82
-20.08 4.12 -2.28
-20.08 4.35 -2.04
-20.08 4.04 -1.49
-20.08 3.45 -1.49
-20.08 2.67 -1.77
-20.08 1.84 -2.24
-18.16 1.57 -2.24
-16.44 1.57 -2.28
-14.36 2.39 -2.04
-13.85 2.63 -1.77
-13.57 2.67 -1.61
-13.34 2.71 -1.37
-13.18 2.75 -1.18
-11.77 2.86 -1.02
-10.79 3.41 -1.06
-10.04 3.73 -0.75
-9.18 3.77 -0.55
-8.51 3.84 -0.24
-7.85 3.96 0.43
-6.79 3.92 0.90
-5.96 3.49 1.06
-4.90 3.30 1.29
-3.30 3.18 1.14
-2.94 3.33 1.77
-3.37 2.67 3.02
-3.41 2.47 3.33
-2.63 2.86 3.77
-2.31 2.75 4.12
-1.84 2.51 4.51
-1.49 1.84 4.63
-0.31 1.06 4.59
0.43 0.82 4.75
0.67 0.82 5.06
0.39 0.78 5.45
0.59 0.67 5.65
1.41 0.31 5.41
1.80 0.08 5.81
2.71 -0.08 6.00
3.88 -0.20 6.24
4.82 -0.24 6.67
5.45 -0.31 7.96
6.55 -1.10 9.22
6.98 -1.18 10.20
