0.98 1.06 10.36
0.94 1.02 10.36
0.90 1.18 10.28
0.86 1.22 10.36
0.98 1.33 10.43
0.98 1.37 10.32
0.98 1.41 10.24
0.98 1.41 10.20
0.98 1.41 10.12
0.94 1.33 10.12
0.94 1.18 10.24
1.29 0.90 10.32
1.41 0.71 10.36
1.53 0.35 10.43
1.53 -0.20 10.67
1.77 -0.51 10.83
2.47 -0.51 11.02
2.51 -1.02 11.45
1.96 -1.88 12.43
1.37 -4.31 13.53
1.65 -6.55 15.10
2.63 -9.65 17.26
4.82 -9.96 18.40
4.63 -9.89 19.77
3.96 -10.71 20.04
2.63 -11.53 20.04
2.28 -12.91 20.04
5.02 -15.14 20.04
8.98 -18.24 20.04
12.28 -20.08 19.10
15.53 -20.08 11.57
15.85 -20.08 -1.96
9.49 -20.08 -20.08
-20.08 -20.08 -20.08
-20.08 -5.88 -20.08
-20.08 20.04 -20.08
-20.08 20.04 -20.08
-20.08 20.04 -20.08
-8.75 20.04 -18.51
-16.16 17.93 -12.98
-20.08 -1.22 -7.81
-20.08 -7.30 -5.45
-19.06 -5.57 -3.57
-13.02 -0.43 -2.08
-11.53 1.06 -1.41
-9.89 3.10 -1.10
-8.71 5.49 -1.22
-7.53 7.22 -2.28
-6.63 8.47 -3.49
-4.35 8.36 -3.30
-3.14 7.77 -2.79
-2.20 6.79 -1.84
-1.88 5.84 -0.51
-1.84 5.26 0.59
-2.67 4.20 2.71
-2.86 2.79 3.65
-3.26 2.28 4.43
-3.10 2.00 5.30
-3.22 2.59 5.53
-2.59 2.08 5.92
-1.77 1.49 5.73
-1.10 0.04 5.65
-1.14 -0.12 5.53
-0.67 -0.04 6.00
0.00 0.04 7.65
-0.35 -0.51 8.39
0.82 -2.04 8.90
1.69 -2.51 8.75
2.51 -2.82 9.38
2.75 -2.67 9.89
2.20 -4.47 11.49
1.49 -5.65 11.89
0.86 -7.02 12.28
0.78 -9.06 12.63
1.10 -10.98 12.59
0.71 -12.00 12.91
