0.86 1.41 9.96
0.90 1.22 9.96
0.78 1.10 9.92
0.82 1.02 9.89
0.78 0.94 10.00
0.90 0.59 10.08
0.98 0.31 10.12
1.26 -0.04 10.28
1.80 -0.39 10.36
2.55 -0.71 10.40
4.00 -0.94 10.43
7.30 -1.02 10.55
8.32 -1.10 10.24
8.75 -1.18 9.77
8.12 -1.10 9.41
6.55 -0.63 9.38
4.82 1.41 9.85
2.08 2.08 10.12
2.16 2.47 9.73
2.59 3.14 8.98
2.08 3.96 7.96
1.02 4.35 5.96
-3.30 5.96 5.77
-4.79 6.32 5.30
-5.53 6.98 5.02
-5.57 7.30 4.43
-5.14 7.61 3.92
-5.06 8.00 2.04
-5.61 8.36 1.33
-6.35 8.32 0.47
-6.63 7.96 -0.31
-7.14 7.77 -0.94
-7.61 7.22 -2.71
-7.30 5.22 -3.88
-7.65 4.20 -4.47
-8.75 2.94 -4.63
-9.85 1.77 -4.82
-11.45 0.55 -4.82
-15.02 -1.80 -5.37
-16.87 -2.43 -5.18
-18.20 -2.71 -4.98
-18.48 -3.06 -4.82
-18.63 -3.33 -4.86
-18.75 -3.77 -4.82
-18.75 -3.77 -4.47
-18.63 -3.77 -4.39
-17.97 -3.69 -3.88
-16.79 -3.77 -3.53
-15.34 -3.84 -3.33
-12.55 -3.41 -3.02
-11.49 -2.90 -2.82
-10.67 -2.20 -2.47
-10.16 -1.61 -2.16
-9.89 -1.14 -1.92
-9.73 -0.75 -1.49
-10.16 -0.16 -1.29
-10.24 0.00 -1.33
-10.32 0.27 -1.18
-10.28 0.51 -1.10
-10.16 0.67 -1.02
-10.36 1.37 -0.35
-10.67 1.45 -0.04
-10.71 1.57 0.08
-10.55 1.61 0.27
-10.36 1.77 0.71
-10.36 1.80 1.57
-9.81 1.53 1.65
-8.90 1.37 1.73
-8.55 1.33 1.80
-8.43 1.33 2.12
-8.36 1.45 2.39
-8.08 1.41 3.14
-7.88 1.49 3.53
-7.61 1.77 3.80
-7.49 2.08 3.96
-7.14 2.16 4.04
-7.02 2.08 3.69
-5.65 1.84 3.26
-5.06 2.08 3.53
-5.10 2.28 4.12
-4.67 2.59 4.79
-3.96 2.90 5.06
-2.20 3.06 5.33
-1.77 2.94 5.49
-1.14 2.55 5.69
0.20 2.12 5.77
2.16 1.77 5.69
4.16 2.16 7.53
6.04 2.59 8.71
