0.59 0.47 9.81
0.63 0.51 9.92
0.67 0.51 9.96
0.51 0.59 9.89
0.63 0.59 9.92
0.67 0.59 9.96
0.67 0.59 9.96
0.59 0.39 10.04
0.39 0.31 10.28
0.47 0.08 10.63
0.47 -0.47 11.10
0.43 -1.10 11.41
0.55 -1.88 11.73
0.31 -2.63 12.79
-1.06 -3.69 14.04
-0.82 -4.31 15.02
0.12 -5.41 15.61
1.06 -6.00 15.93
2.39 -7.10 15.65
4.63 -11.81 15.93
4.98 -14.55 16.51
4.47 -16.04 16.99
2.90 -17.22 17.42
1.49 -17.73 17.73
-0.04 -16.51 16.51
1.10 -14.98 14.63
2.63 -13.26 11.14
4.04 -12.51 5.57
5.84 -12.43 -1.65
7.41 -13.10 -8.94
4.55 -13.89 -20.08
-4.67 -11.77 -20.08
-19.53 -4.67 -20.08
-20.08 2.94 -20.08
-20.08 18.99 -20.08
-20.08 20.04 -19.50
-16.12 20.04 -14.16
-2.82 20.04 -14.59
-2.39 20.04 -14.00
-9.53 16.00 -12.00
-14.91 12.71 -9.65
-18.79 6.71 -8.39
-17.53 3.30 -7.77
-14.40 1.41 -6.39
-10.90 1.26 -3.96
-8.36 1.69 -1.96
-6.86 3.61 0.59
-6.28 4.90 1.37
-6.35 6.20 2.08
-6.00 6.90 2.63
-5.06 6.98 3.06
-4.20 6.47 3.18
-3.84 4.82 3.65
-4.16 4.16 4.04
-4.59 3.69 4.55
-4.82 2.94 5.18
-4.98 2.67 6.12
-4.63 2.71 6.86
-3.26 2.86 6.71
-2.55 2.75 6.47
-1.73 2.51 6.39
-0.98 2.20 6.32
-0.55 2.04 7.10
-0.39 2.71 7.57
-0.31 2.86 7.88
-0.20 2.67 8.12
-0.08 2.43 8.28
0.04 2.16 8.67
0.27 0.31 8.36
0.63 0.24 8.36
0.51 0.27 8.36
0.27 0.47 8.32
0.39 0.43 8.36
0.27 0.24 8.08
0.00 -0.39 7.92
0.27 -1.41 7.69
1.26 -2.63 7.41
2.08 -3.41 7.41
2.59 -3.69 7.81
2.04 -3.45 8.67
1.26 -3.84 9.57
0.24 -4.43 10.28
