-2.35 1.18 10.08
-2.31 1.22 10.04
-2.28 1.22 10.00
-2.24 1.18 10.00
-2.16 1.10 9.81
-1.61 1.02 9.81
-1.26 0.94 9.96
-0.67 0.59 10.12
-0.24 -0.08 10.43
-0.12 -1.02 11.81
1.41 -3.33 12.75
2.51 -3.41 13.81
3.49 -4.43 14.75
4.00 -6.43 15.93
4.39 -10.08 16.59
7.10 -16.32 18.59
7.61 -17.34 18.87
6.63 -16.44 18.63
2.71 -14.32 18.95
-3.45 -10.32 20.04
-7.61 -6.35 20.04
-3.61 -4.39 16.20
2.43 -5.92 10.94
8.24 -8.98 5.06
12.55 -12.28 -0.08
12.63 -15.42 -3.84
7.30 -19.61 -14.28
3.92 -19.53 -20.08
-5.45 -17.85 -20.08
-19.93 -14.51 -20.08
-20.08 -3.30 -20.08
-20.08 20.04 -20.08
-20.08 20.04 -15.69
-20.08 20.04 -9.34
-20.08 20.04 -8.08
-20.08 7.10 -8.59
-20.08 -7.92 -7.57
-12.47 -12.91 -6.90
-11.18 -7.49 -6.16
-11.10 -3.96 -4.98
-10.43 -2.20 -4.47
-9.77 -1.18 -4.75
-10.55 1.06 -5.06
-13.85 2.24 -5.37
-14.44 2.35 -5.61
-13.77 1.80 -5.69
-12.63 1.53 -4.94
-11.41 1.26 -2.98
-9.65 1.80 -2.31
-9.22 2.04 -1.80
-8.79 2.12 -1.45
-8.12 2.16 -0.90
-7.45 1.77 -0.39
-6.59 0.24 1.37
-5.45 0.04 2.31
-5.02 -0.27 3.02
-4.98 -0.63 3.69
-5.02 -0.67 4.31
-4.94 -0.35 4.94
-4.16 0.94 5.30
-3.53 1.45 5.81
-2.86 1.49 5.69
-2.47 1.41 5.77
-2.59 1.77 5.96
-2.31 1.14 6.67
-2.31 0.94 7.61
-3.02 0.98 8.24
-3.49 0.78 8.55
-3.77 0.47 8.67
-3.57 -0.51 8.59
-2.12 -1.10 8.79
-1.29 -1.29 9.38
-0.71 -1.65 10.08
