0.12 1.10 9.85
0.04 1.10 9.61
0.04 1.06 9.57
0.00 1.06 9.53
-0.12 1.18 9.69
-0.59 1.73 9.61
-0.75 1.69 9.49
-0.94 1.33 9.49
-1.06 1.06 9.61
-0.82 1.06 9.30
-0.35 1.26 8.79
0.04 1.69 8.67
-0.16 2.16 8.51
-0.71 2.35 8.71
-1.14 2.39 8.94
-2.00 2.12 9.30
-2.71 2.43 10.12
-2.71 3.22 10.43
-2.39 3.53 10.63
-1.33 3.26 10.87
-0.43 2.35 11.34
0.16 -0.75 14.00
-0.90 -2.39 15.65
-2.16 -3.30 17.89
-2.39 -3.92 19.38
-1.61 -4.39 20.04
-0.71 -4.71 20.04
0.82 -6.67 20.04
1.96 -8.20 20.04
3.30 -10.20 20.04
4.08 -12.24 20.04
4.75 -13.42 20.04
5.06 -15.22 19.30
14.51 -20.08 7.06
16.24 -20.08 -11.92
12.55 -20.08 -20.08
-3.84 -20.08 -20.08
-20.08 -20.08 -20.08
-20.08 20.04 -20.08
-20.08 20.04 -20.08
-20.08 20.04 -20.08
-15.85 20.04 -16.08
-12.83 15.10 -13.45
-12.47 -20.08 -0.86
-6.04 -20.08 4.08
-1.06 -20.08 4.86
-2.39 -16.63 3.80
-7.18 -9.45 2.39
-10.87 -1.41 -3.65
-14.24 7.34 -5.73
-16.24 7.10 -7.18
-16.75 6.32 -7.69
-16.12 5.41 -8.12
-15.18 3.84 -8.12
-14.24 -0.16 -7.41
-12.98 -1.14 -6.71
-11.85 -0.78 -5.81
-11.06 -0.08 -4.98
-10.94 0.75 -4.20
-11.41 1.73 -2.94
-10.00 1.80 -2.43
-9.10 1.73 -1.65
-8.63 1.18 -0.82
-8.71 0.51 0.12
-9.02 0.94 1.26
-8.87 2.12 2.59
-8.12 2.20 2.90
-7.34 2.12 3.41
-6.67 2.28 3.80
-5.53 2.16 3.80
-4.12 1.18 4.20
-2.94 0.86 5.06
-3.92 1.14 6.35
-4.31 1.29 7.34
-4.04 1.10 7.49
-3.33 0.16 7.30
-1.73 -0.24 7.45
-0.94 0.55 8.28
-0.04 0.67 8.87
0.71 0.00 9.14
1.29 -0.82 9.49
1.26 -0.75 10.32
0.67 -0.67 10.79
0.98 -0.82 11.41
1.57 -0.98 11.77
1.80 -0.98 11.85
1.18 -0.82 12.83
