0.20 -1.80 9.85
0.35 -2.24 9.57
0.04 -3.84 9.53
-0.43 -4.71 9.77
-0.82 -5.10 9.89
-1.37 -4.98 10.04
-1.45 -4.71 10.32
-1.18 -4.00 10.90
-0.04 -2.43 11.38
0.75 -1.61 11.96
1.77 -0.51 12.28
2.67 0.47 12.43
3.26 1.29 12.40
3.33 3.02 12.75
3.57 3.77 13.10
4.35 4.43 13.06
5.88 4.86 13.14
7.69 5.06 12.40
8.63 4.79 11.69
7.37 5.22 11.22
5.96 5.33 11.38
5.49 4.82 11.30
5.88 4.47 10.71
6.08 4.12 10.12
6.16 3.30 8.71
5.10 3.65 7.96
3.57 4.20 7.73
2.63 3.57 7.45
2.24 3.77 7.02
2.00 3.73 5.57
1.10 3.80 4.16
0.31 3.92 3.14
-0.55 4.08 2.47
-1.73 4.67 1.92
-2.59 4.86 0.55
-3.18 5.10 -0.24
-3.02 4.90 -0.98
-3.10 4.47 -2.12
-3.61 4.12 -2.67
-4.28 3.69 -3.37
-4.90 2.71 -4.35
-6.28 2.12 -4.82
-6.94 1.49 -5.33
-7.73 1.26 -5.57
-8.94 1.02 -5.53
-10.32 0.43 -5.84
-13.61 -0.39 -6.00
-16.08 -0.82 -6.20
-18.40 -1.14 -6.32
-20.08 -1.10 -6.32
-20.08 -0.98 -5.84
-20.08 -1.53 -5.73
-20.08 -1.92 -5.30
-20.08 -1.88 -4.71
-19.81 -1.77 -4.24
-18.01 -1.69 -4.43
-16.16 -1.69 -3.84
-13.57 -1.18 -3.57
-12.79 -0.86 -3.26
-12.63 -0.51 -2.86
-12.59 -0.39 -2.71
-12.67 -0.04 -2.51
-12.79 0.78 -1.96
-12.40 1.22 -1.92
-12.04 1.53 -1.80
-11.92 1.65 -1.69
-12.08 1.41 -1.69
-12.24 1.26 -1.41
-12.47 1.14 -1.49
-12.20 1.06 -1.18
-11.57 1.10 -0.86
-10.83 0.90 -0.71
-10.12 0.71 -0.67
-10.47 0.04 -0.35
-10.79 -0.20 -0.20
-10.63 0.04 0.16
-9.81 0.31 0.35
-8.67 0.75 0.55
-7.88 1.10 0.94
-7.45 0.78 1.26
-7.49 0.55 1.45
-7.37 0.63 1.73
-7.02 0.71 2.20
-6.59 0.86 2.55
-5.73 0.78 3.10
-5.73 0.75 3.30
-5.92 0.67 3.45
-6.04 0.94 3.80
-5.81 1.22 4.04
-5.53 1.45 4.79
-4.79 1.33 5.06
-4.51 1.06 5.10
-4.47 0.98 5.30
-4.55 1.02 5.45
-4.39 1.14 5.69
-3.06 1.96 6.35
-2.16 1.92 6.24
-1.53 2.04 6.24
-1.02 1.80 6.16
-0.86 1.33 6.12
-0.55 1.49 7.02
0.08 1.73 7.02
0.51 1.41 7.18
1.22 0.86 6.79
2.00 0.31 6.43
2.98 0.04 6.39
4.98 -0.24 6.94
5.45 -0.12 7.73
5.88 0.00 8.71
6.08 0.04 9.26
6.08 0.08 10.20
6.08 -0.08 12.12
6.83 0.00 13.34
