2.35 0.00 9.61
2.12 0.04 9.49
1.80 0.31 9.34
1.45 0.59 9.22
1.41 0.63 9.02
1.65 0.67 8.67
2.35 1.18 7.65
2.47 1.06 7.37
2.51 1.14 7.45
2.39 1.33 7.92
2.00 0.98 8.59
1.37 0.04 10.12
1.33 -0.31 10.51
1.96 -1.65 10.47
2.82 -2.79 10.67
3.02 -3.45 11.10
3.14 -3.22 12.28
2.20 -3.18 15.85
1.92 -6.00 17.81
1.61 -10.36 19.65
2.39 -13.96 20.04
3.96 -17.02 20.04
6.47 -20.08 18.67
9.22 -20.08 17.93
8.08 -20.08 17.53
6.39 -20.08 17.26
5.45 -20.08 18.32
5.06 -20.08 15.97
11.92 -19.85 10.08
14.32 -19.42 2.82
12.94 -19.89 -4.39
3.92 -17.57 -13.34
-7.69 -15.85 -20.08
-16.91 -17.69 -20.08
-20.08 -2.12 -20.08
-20.08 16.48 -20.08
-20.08 20.04 -20.08
-16.99 20.04 -20.08
4.79 20.04 -16.44
-5.45 20.04 -12.12
-15.85 13.77 -8.20
-19.81 -0.47 -4.16
-16.75 -8.87 -1.53
-12.28 -8.47 -0.59
-9.61 0.43 -2.12
-10.63 4.98 -2.94
-10.83 8.75 -4.28
-10.20 11.02 -5.77
-10.04 11.61 -6.67
-9.89 11.49 -7.18
-9.22 10.63 -7.26
-9.53 10.12 -7.30
-9.49 9.69 -7.18
-9.41 9.22 -6.43
-8.51 8.36 -5.41
-6.28 7.77 -3.14
-5.84 8.08 -1.92
-5.45 7.69 -1.26
-5.33 7.57 -0.67
-5.30 7.34 -0.12
-5.02 6.51 1.65
-3.18 5.92 2.59
-2.12 5.22 3.73
-1.92 4.75 4.63
-2.43 4.75 5.57
-2.59 3.77 5.33
-1.77 3.41 6.16
-1.29 2.94 6.39
-1.10 2.75 6.51
-0.98 2.71 6.90
-0.98 2.28 7.30
-1.22 0.59 7.69
-1.84 0.51 7.88
-1.14 0.39 8.20
-0.55 0.51 8.20
0.24 0.08 8.24
1.06 -0.78 8.51
0.63 -2.55 8.87
-0.04 -2.98 9.41
-0.98 -3.18 10.20
-1.29 -3.73 10.90
-0.90 -4.71 11.26
-0.04 -4.90 11.38
0.04 -4.47 11.61
-0.35 -4.28 11.92
