-0.82 2.94 9.92
-1.02 2.75 10.04
-1.10 2.35 10.08
-1.18 1.92 10.24
-1.18 1.57 10.47
-0.98 0.98 11.30
-0.24 0.75 11.69
0.04 0.27 12.24
0.24 0.04 12.83
0.78 -0.20 13.85
1.96 -0.39 14.98
5.53 -0.82 15.02
7.22 -1.33 14.79
7.88 -1.49 14.55
8.08 -0.47 14.24
7.77 1.14 13.85
7.10 4.63 12.40
7.57 5.41 10.90
8.71 6.00 8.90
9.57 6.59 6.28
9.73 7.61 2.98
8.55 12.24 -2.71
5.69 14.47 -5.22
4.67 15.73 -7.96
3.69 15.85 -10.04
2.35 14.98 -11.77
0.86 13.34 -13.34
-3.53 8.39 -15.57
-6.12 5.73 -16.24
-9.10 3.02 -16.63
-12.59 0.98 -16.24
-16.12 -1.10 -15.97
-19.30 -3.10 -14.67
-20.08 -4.04 -13.77
-20.08 -4.94 -12.83
-20.08 -6.00 -11.77
-20.08 -6.55 -10.71
-20.08 -6.08 -9.85
-19.50 -4.82 -8.98
1.96 2.04 9.96
