3.30 0.39 10.20
3.33 0.12 10.08
3.30 0.08 10.04
3.22 0.08 10.12
3.18 0.04 10.16
3.18 0.04 10.24
3.41 -0.08 10.28
3.33 -0.16 10.24
3.33 -0.31 10.36
3.41 -0.43 10.36
3.80 -0.67 10.55
4.12 -1.02 10.59
4.67 -2.86 10.59
4.67 -4.47 10.79
5.06 -5.77 11.18
5.81 -7.65 11.65
6.51 -10.55 12.75
6.47 -12.51 13.34
5.81 -13.02 13.30
4.47 -14.67 14.24
3.26 -17.30 15.10
3.26 -18.48 15.57
3.65 -15.46 14.08
4.51 -15.06 13.49
4.12 -16.08 12.98
4.04 -17.34 11.81
3.06 -19.34 9.26
1.37 -20.08 5.96
-7.41 -20.08 -5.33
-13.96 -20.08 -15.18
-20.08 -20.08 -20.08
-20.08 -16.40 -20.08
-20.08 5.26 -20.08
-20.08 20.04 -20.08
-4.94 20.04 -20.08
14.24 20.04 -20.08
14.32 20.04 -18.44
-0.16 16.87 -10.75
-9.73 14.79 -3.49
-13.96 6.83 -0.39
-11.61 6.94 0.04
-7.88 9.38 -1.84
-5.41 12.67 -4.00
-4.31 15.06 -5.69
-2.16 16.00 -8.59
-2.16 15.34 -8.98
-3.10 14.51 -8.79
-4.86 14.08 -8.12
-6.75 14.00 -7.49
-7.69 13.73 -5.37
-7.65 12.16 -4.00
-6.90 11.18 -3.33
-5.33 10.79 -2.79
-3.96 10.51 -2.71
-3.14 10.87 -2.71
-1.33 9.45 -2.16
-0.43 8.28 -1.14
0.55 7.53 0.27
1.18 6.71 1.41
1.33 6.55 2.39
1.45 5.10 3.37
0.98 4.51 3.80
1.37 3.45 4.51
1.37 2.59 5.22
0.82 3.10 5.88
0.90 2.63 6.20
0.86 1.02 6.51
1.41 0.39 6.63
1.69 0.04 6.90
1.49 0.12 7.41
1.53 0.00 7.65
1.88 -1.26 8.08
2.24 -2.28 8.28
2.16 -2.82 8.63
1.53 -2.82 9.30
1.26 -3.33 9.92
1.57 -4.39 10.63
2.47 -5.53 10.79
2.94 -5.30 10.87
3.18 -5.10 10.90
