1.41 0.98 9.69
1.57 0.90 9.53
1.65 0.98 9.53
1.61 0.90 9.49
1.49 0.86 9.45
1.41 0.78 9.41
1.29 0.67 9.53
1.29 0.67 10.04
1.77 0.35 10.40
2.16 -0.04 11.10
2.55 -0.27 11.81
2.98 -0.59 12.16
3.30 -0.78 13.30
3.92 -3.06 13.53
3.77 -4.31 14.40
3.61 -4.86 14.83
3.30 -4.71 14.87
3.02 -3.96 14.91
2.71 -3.22 14.51
1.29 -3.30 14.36
0.43 -3.45 14.20
-0.04 -3.88 14.00
-0.12 -4.47 13.34
0.27 -4.63 11.81
0.59 -4.71 11.38
0.00 -4.39 11.41
-0.35 -4.75 11.85
-0.12 -5.73 13.38
1.61 -7.34 15.46
7.41 -12.00 11.69
10.67 -15.02 5.49
11.77 -19.22 -2.28
7.85 -20.08 -10.20
-0.63 -17.81 -19.97
-8.90 -14.59 -20.08
-20.08 4.79 -20.08
-20.08 19.30 -20.08
-20.08 20.04 -20.08
-20.08 20.04 -14.40
-20.08 20.04 -9.26
-13.10 20.04 -8.75
-17.53 10.20 -7.65
-19.18 3.10 -7.85
-17.10 0.90 -8.16
-14.98 0.63 -7.77
-14.40 -1.57 -5.65
-12.16 -2.12 -4.08
-10.83 -1.69 -2.67
-10.24 0.04 -1.65
-9.61 1.77 -1.22
-8.79 2.90 -0.82
-8.32 4.08 0.59
-8.12 4.47 1.10
-7.92 4.94 1.45
-7.34 5.18 2.00
-6.79 5.30 2.35
-6.00 4.31 4.08
-5.41 3.88 4.71
-5.33 3.53 4.98
-5.26 3.49 5.49
-5.10 3.26 6.16
-5.06 3.18 7.77
-3.88 3.14 7.69
-2.90 2.35 7.73
-2.35 1.80 7.65
-1.77 1.26 7.61
-1.65 1.18 7.57
-1.77 1.88 7.96
-1.96 1.88 8.16
-2.12 1.61 8.28
-1.84 0.86 8.12
-1.61 0.31 8.00
-1.29 -0.16 8.08
-1.06 -0.08 8.39
-0.78 -0.51 8.75
-0.82 -0.55 8.83
-1.10 -0.59 8.75
-1.49 -0.71 8.59
-1.26 -2.35 7.85
-0.12 -2.63 7.81
0.20 -2.90 8.28
0.24 -3.06 8.83
0.24 -3.02 9.38
0.31 -3.22 9.77
0.00 -2.98 10.00
0.00 -3.37 10.08
0.04 -3.49 10.28
0.16 -3.73 10.51
0.20 -3.77 10.63
0.16 -3.57 10.90
