2.00 1.22 9.41
2.12 1.33 9.34
2.12 1.65 8.90
2.43 1.92 8.79
2.55 2.63 8.28
3.06 3.69 7.69
3.57 4.59 7.53
4.04 5.14 7.41
4.35 4.55 7.77
4.00 4.47 8.39
3.53 3.80 9.30
3.41 2.71 10.51
3.02 0.94 11.65
2.35 -4.43 14.63
-0.04 -7.73 16.32
-1.14 -10.75 18.16
-2.31 -12.91 19.77
-2.82 -13.73 20.04
-2.55 -13.26 19.93
0.20 -10.12 18.95
2.16 -9.85 18.51
4.08 -10.79 17.97
4.90 -12.55 17.38
4.47 -13.45 16.95
2.16 -8.47 16.00
-1.84 -6.20 16.51
-1.53 -5.77 15.38
1.02 -7.57 13.49
5.57 -11.45 10.24
9.14 -17.53 0.82
2.75 -20.08 -3.88
-2.55 -20.08 -12.67
-9.30 -20.08 -20.08
-14.28 -20.08 -20.08
-20.08 -18.63 -20.08
-20.08 20.04 -20.08
-20.08 20.04 -20.08
-10.63 20.04 -18.32
-5.45 20.04 -9.61
-4.35 20.04 -7.57
-13.10 13.85 -6.28
-20.04 -16.87 -3.02
-14.71 -14.04 -1.57
-11.38 -9.96 -0.75
-11.06 -5.18 -0.08
-10.43 0.86 -0.24
-9.61 10.75 -2.43
-9.92 13.30 -3.65
-10.12 14.83 -4.63
-10.36 15.34 -5.33
-10.98 15.34 -5.69
-11.26 14.20 -4.94
-9.49 11.30 -4.51
-8.00 10.24 -3.84
-7.41 9.53 -3.10
-7.41 9.26 -2.55
-7.10 9.45 -2.08
-5.45 8.12 -1.10
-5.02 7.34 0.20
-4.98 6.75 1.14
-4.94 6.16 1.57
-4.47 5.49 1.77
-4.20 6.00 2.75
-4.39 5.73 3.33
-3.49 5.02 4.12
-2.79 4.20 4.71
-2.28 3.41 5.10
-1.92 2.51 5.49
-2.39 1.77 6.08
-2.43 2.12 6.28
-2.08 2.39 6.55
-1.49 2.00 6.94
-1.10 1.53 7.26
-0.63 -0.27 7.88
-0.12 -0.67 8.24
-0.51 -0.31 8.63
-0.47 -0.47 8.47
-0.08 -0.43 8.43
0.12 -0.51 8.47
-0.04 -0.55 8.71
-0.04 -1.10 8.94
0.04 -1.84 9.26
0.08 -2.47 9.22
0.00 -2.75 9.10
-0.04 -2.90 8.43
0.00 -2.94 8.39
-0.08 -3.30 8.32
-0.16 -3.57 8.55
-0.08 -4.12 8.51
0.16 -4.51 9.22
0.20 -4.67 9.53
0.39 -4.86 9.89
0.12 -5.02 10.08
-0.16 -5.30 10.67
-0.59 -5.81 10.87
-0.67 -6.08 12.24
-0.94 -5.92 12.51
-0.78 -5.81 12.71
