1.29 0.24 10.24
1.26 0.27 10.20
1.26 0.24 10.24
1.22 0.00 10.24
1.18 0.00 10.43
1.26 0.00 10.55
1.33 0.00 10.63
1.33 0.00 10.71
1.22 0.08 10.98
1.02 0.12 11.22
1.14 0.12 11.45
1.14 0.12 11.73
1.37 0.16 12.12
1.61 0.35 12.47
1.88 1.14 12.59
2.12 1.57 12.63
2.47 1.80 12.71
2.67 2.08 12.91
2.79 2.20 12.91
3.18 1.92 12.43
3.92 0.94 12.16
4.43 0.59 11.85
4.98 0.59 11.57
6.24 0.39 11.22
9.06 0.20 10.32
15.06 -0.20 7.73
17.46 -1.18 5.77
19.14 -2.16 4.04
19.26 -2.35 2.67
18.04 -1.69 1.49
16.40 0.90 -1.80
14.91 1.73 -4.12
13.65 1.53 -6.59
11.85 0.98 -9.38
9.57 1.45 -12.24
6.32 2.55 -14.75
-0.82 5.53 -17.93
-3.88 6.98 -18.87
-6.67 7.57 -19.65
-9.41 8.00 -19.53
-12.83 7.18 -19.22
-16.75 4.79 -17.14
-20.08 4.28 -14.16
-20.08 4.39 -11.14
-20.08 4.51 -8.04
-20.08 3.06 -5.33
-20.08 1.06 -2.08
-20.08 -1.69 -1.80
-20.08 -1.65 -2.28
-20.08 -1.14 -3.06
-20.08 -0.55 -3.88
-20.08 -0.20 -5.02
-19.38 0.78 -6.32
-14.16 1.73 -6.51
-12.71 2.55 -6.32
-11.61 3.37 -6.28
-10.67 3.84 -5.77
-9.89 4.16 -4.59
-8.47 4.39 -3.92
-7.65 4.39 -3.33
-7.10 4.28 -2.55
-6.32 4.00 -1.73
-5.30 3.84 -0.86
-3.37 3.10 0.27
-3.57 2.82 1.18
-3.22 2.94 1.96
-2.94 2.90 2.51
-2.71 2.79 3.10
-2.12 2.67 4.00
-1.22 2.31 4.28
-0.71 2.08 4.55
-0.59 1.96 4.82
-0.94 1.77 5.26
-1.10 1.77 5.49
-0.75 1.49 5.84
-0.08 1.45 6.08
0.31 1.49 6.16
0.98 1.26 6.16
2.16 0.78 5.92
3.18 0.12 5.84
3.96 -0.55 5.92
4.08 -1.10 6.16
4.39 -1.26 6.47
