-1.41 -0.16 9.26
-1.26 -0.63 9.34
-1.22 -0.98 9.45
-0.59 -2.08 9.77
0.08 -2.12 10.32
1.06 -1.69 11.02
2.24 -0.86 11.73
3.65 -0.16 12.40
4.82 0.98 13.69
5.69 1.06 13.96
5.45 1.29 13.96
4.31 1.65 13.81
3.14 2.12 13.61
1.45 2.75 12.79
-1.37 3.33 12.12
-2.31 3.77 11.53
-3.06 4.35 10.87
-3.77 4.39 10.40
-4.00 4.08 9.45
-5.65 4.31 7.57
-6.59 4.08 6.59
-7.18 4.43 6.04
-7.41 4.59 5.41
-7.49 4.47 4.59
-7.41 4.16 3.02
-6.98 3.18 2.28
-6.71 2.79 1.53
-6.94 2.71 0.90
-6.94 2.67 0.43
-6.12 2.39 -0.27
-5.41 1.49 -1.57
-4.55 1.49 -1.92
-4.12 1.18 -2.31
-3.84 1.02 -2.43
-4.24 0.39 -2.86
-4.47 0.35 -3.69
-5.37 -0.55 -3.88
-6.35 -1.69 -4.28
-8.00 -2.67 -4.59
-10.16 -3.57 -4.71
-12.43 -4.35 -4.90
-16.48 -5.33 -5.18
-17.53 -5.92 -5.14
-18.28 -6.35 -5.02
-18.79 -6.71 -5.10
-19.02 -7.10 -4.82
-18.95 -7.14 -4.08
-17.22 -6.59 -3.96
-15.93 -6.04 -3.88
-14.59 -5.45 -3.92
-13.49 -4.63 -3.45
-12.59 -3.96 -3.14
-10.55 -3.57 -2.35
