0.27 -0.39 9.65
0.12 -0.59 9.49
0.08 -0.75 9.73
0.16 -0.90 9.85
0.24 -1.77 10.12
0.08 -3.10 10.71
-0.08 -4.47 11.77
-0.20 -5.45 12.63
-0.43 -5.18 14.04
0.90 -4.12 14.16
3.33 -2.47 13.77
6.20 -0.67 13.77
9.30 0.43 14.08
11.18 1.84 14.12
13.73 4.16 13.42
14.83 5.33 12.71
15.61 6.28 11.53
14.59 7.37 10.55
11.96 7.96 10.08
5.92 8.94 8.39
3.18 9.49 7.49
1.41 9.53 6.20
-0.31 9.81 5.02
-1.29 9.38 3.77
-1.77 8.59 1.61
-3.02 7.61 0.59
-3.53 6.75 -0.43
-4.24 6.24 -1.14
-5.06 5.49 -1.69
-5.26 5.18 -2.16
-6.16 4.00 -3.02
-6.04 3.49 -3.18
-5.77 3.06 -3.65
-5.10 2.71 -4.31
-5.02 2.51 -4.98
-5.69 1.84 -5.49
-6.39 0.98 -5.37
-7.22 0.04 -5.88
-7.96 -1.14 -5.96
-9.41 -2.12 -6.35
-11.49 -2.79 -6.94
-16.32 -4.08 -7.85
-18.83 -4.86 -7.81
-20.08 -5.69 -7.53
-20.08 -6.94 -7.02
-20.08 -7.77 -6.47
-20.08 -8.39 -5.41
-19.38 -7.73 -5.06
-17.61 -6.79 -4.63
-16.12 -5.33 -4.00
-14.47 -4.39 -3.61
-12.59 -3.77 -2.63
-9.77 -2.59 -2.35
-9.34 -1.77 -1.84
-9.30 -1.41 -1.18
-9.34 -0.98 -0.86
-9.89 -0.43 -0.59
-10.51 -0.16 -0.51
-11.85 -0.59 -0.47
-11.69 -0.98 -0.78
-11.22 -1.14 -1.02
-11.41 -1.29 -0.98
-11.49 -1.53 -0.67
-11.30 -1.65 -0.55
-11.06 -1.80 -0.43
-10.87 -1.96 -0.35
-10.40 -2.24 -0.43
-10.08 -2.43 -0.43
-9.96 -2.31 -0.39
-9.85 -1.96 -0.31
-9.69 -1.73 -0.08
-9.38 -1.57 0.00
-9.34 -1.33 0.31
-9.45 -1.29 0.86
-9.65 -1.26 1.02
-9.49 -1.26 1.33
-9.22 -1.10 1.65
-8.59 -1.14 1.88
-7.92 -0.94 2.08
-6.79 -0.75 2.35
-6.35 -0.47 2.51
-6.12 -0.20 2.55
-6.00 0.00 2.98
-5.92 0.04 3.30
-5.61 0.00 3.96
-4.98 0.16 4.00
-4.28 0.31 4.28
-3.80 0.71 4.47
-3.22 0.78 4.79
-2.79 0.82 5.02
-2.08 0.51 5.14
-1.88 0.27 5.33
-1.88 0.27 5.22
-1.22 0.43 5.57
-0.43 0.86 5.65
0.43 1.14 5.88
2.16 1.26 6.00
2.67 1.02 6.08
3.30 0.75 6.35
4.28 0.82 7.22
5.73 1.26 8.24
8.36 2.12 10.16
9.10 2.20 11.18
9.14 2.12 12.00
8.79 2.00 12.63
8.20 1.96 13.57
8.08 2.08 14.91
8.08 2.20 14.95
7.81 2.16 14.87
7.45 1.84 14.63
6.90 1.61 14.32
6.32 1.49 13.34
4.98 1.29 12.87
4.39 1.18 12.32
4.00 1.18 11.81
3.49 1.18 11.34
3.18 1.10 11.02
