-0.94 0.90 10.00
-0.94 0.82 10.12
-0.86 0.82 10.12
-0.75 0.51 10.24
-0.63 0.35 10.40
-0.55 0.43 10.51
0.08 0.63 10.90
1.10 0.71 11.22
2.63 0.78 11.81
3.22 0.71 12.08
3.69 0.78 12.55
3.88 0.90 12.79
4.20 0.90 12.98
3.84 1.49 13.18
3.45 2.24 12.79
3.92 2.24 12.32
3.92 2.12 11.57
3.61 1.88 10.43
2.71 2.04 9.45
0.59 2.71 7.26
0.16 3.30 5.81
1.02 3.77 4.24
1.84 4.31 2.98
2.16 4.90 2.12
2.55 7.77 0.35
2.94 9.18 -1.06
4.51 10.00 -3.65
4.86 11.14 -6.20
3.80 11.61 -8.67
1.41 11.06 -12.12
-5.53 6.39 -13.57
-9.18 3.37 -14.83
-13.10 1.06 -15.57
-16.71 -1.02 -15.65
-20.08 -2.86 -15.85
-20.08 -5.61 -14.16
-20.08 -6.75 -12.94
-20.08 -7.88 -12.08
-20.08 -8.51 -11.41
-20.08 -8.63 -10.63
-20.08 -8.08 -8.39
-15.42 -5.06 -7.26
-11.45 -3.33 -6.75
-8.36 -1.57 -6.32
-6.59 0.00 -5.81
-6.16 1.41 -5.26
-6.20 2.71 -3.96
-7.77 2.75 -3.88
-8.67 2.39 -3.80
-10.08 2.39 -3.61
-11.10 1.80 -3.88
-11.57 0.90 -4.28
-12.43 -0.55 -4.31
-12.55 -0.78 -4.12
-12.71 -0.82 -3.84
-12.36 -0.98 -3.57
-12.32 -1.10 -3.26
-12.00 -0.71 -3.02
-10.75 -0.04 -2.67
-10.28 0.43 -2.35
-9.61 0.67 -2.31
-8.83 0.94 -1.73
-8.43 1.10 -0.51
-7.61 1.18 -0.12
-7.22 1.18 0.39
-7.14 1.26 0.63
-6.75 1.18 1.10
-6.47 1.53 1.65
-6.55 1.53 2.16
-5.84 1.57 2.47
-5.41 1.61 2.51
-5.30 1.41 2.86
-4.86 1.29 3.18
-4.98 1.06 4.08
-5.10 1.37 4.39
-5.06 1.49 4.67
-4.79 1.65 4.71
-4.16 2.04 5.10
-3.45 1.92 5.18
-1.10 0.75 5.22
